Timpul 0
Clienti : (39,2)  (33,2)  (32,3)  (29,1)  (29,6)  (28,4)  (28,5)  (28,3)  (22,5)  (19,6)  (17,3)  (14,4)  (13,2)  (13,2)  (13,1)  (13,6)  (11,6)  (10,4)  (10,4)  (7,3)  (7,6)  (4,6)  (3,6)  (3,1)  (2,6)  (39,6)  (38,4)  (37,6)  (37,2)  (36,6)  (33,4)  (30,2)  (29,5)  (29,4)  (27,3)  (27,4)  (24,4)  (23,6)  (23,3)  (22,5)  (21,2)  (20,5)  (20,5)  (19,4)  (14,2)  (13,1)  (12,6)  (12,6)  (4,3)  (4,4) 
Coada 1: 
Coada 2: 
Coada 3: 
Coada 4: 
Coada 5: 

Timpul 1
Clienti : (39,2)  (33,2)  (32,3)  (29,1)  (29,6)  (28,4)  (28,5)  (28,3)  (22,5)  (19,6)  (17,3)  (14,4)  (13,2)  (13,2)  (13,1)  (13,6)  (11,6)  (10,4)  (10,4)  (7,3)  (7,6)  (4,6)  (3,6)  (3,1)  (2,6)  (39,6)  (38,4)  (37,6)  (37,2)  (36,6)  (33,4)  (30,2)  (29,5)  (29,4)  (27,3)  (27,4)  (24,4)  (23,6)  (23,3)  (22,5)  (21,2)  (20,5)  (20,5)  (19,4)  (14,2)  (13,1)  (12,6)  (12,6)  (4,3)  (4,4) 
Coada 1: 
Coada 2: 
Coada 3: 
Coada 4: 
Coada 5: 

Timpul 2
Clienti : (39,2)  (33,2)  (32,3)  (29,1)  (29,6)  (28,4)  (28,5)  (28,3)  (22,5)  (19,6)  (17,3)  (14,4)  (13,2)  (13,2)  (13,1)  (13,6)  (11,6)  (10,4)  (10,4)  (7,3)  (7,6)  (4,6)  (3,6)  (3,1)  (39,6)  (38,4)  (37,6)  (37,2)  (36,6)  (33,4)  (30,2)  (29,5)  (29,4)  (27,3)  (27,4)  (24,4)  (23,6)  (23,3)  (22,5)  (21,2)  (20,5)  (20,5)  (19,4)  (14,2)  (13,1)  (12,6)  (12,6)  (4,3)  (4,4) 
Coada 1:  (2,6) 
Coada 2: 
Coada 3: 
Coada 4: 
Coada 5: 

Timpul 3
Clienti : (39,2)  (33,2)  (32,3)  (29,1)  (29,6)  (28,4)  (28,5)  (28,3)  (22,5)  (19,6)  (17,3)  (14,4)  (13,2)  (13,2)  (13,1)  (13,6)  (11,6)  (10,4)  (10,4)  (7,3)  (7,6)  (4,6)  (39,6)  (38,4)  (37,6)  (37,2)  (36,6)  (33,4)  (30,2)  (29,5)  (29,4)  (27,3)  (27,4)  (24,4)  (23,6)  (23,3)  (22,5)  (21,2)  (20,5)  (20,5)  (19,4)  (14,2)  (13,1)  (12,6)  (12,6)  (4,3)  (4,4) 
Coada 1:  (2,5) 
Coada 2:  (3,6) 
Coada 3:  (3,1) 
Coada 4: 
Coada 5: 

Timpul 4
Clienti : (39,2)  (33,2)  (32,3)  (29,1)  (29,6)  (28,4)  (28,5)  (28,3)  (22,5)  (19,6)  (17,3)  (14,4)  (13,2)  (13,2)  (13,1)  (13,6)  (11,6)  (10,4)  (10,4)  (7,3)  (7,6)  (39,6)  (38,4)  (37,6)  (37,2)  (36,6)  (33,4)  (30,2)  (29,5)  (29,4)  (27,3)  (27,4)  (24,4)  (23,6)  (23,3)  (22,5)  (21,2)  (20,5)  (20,5)  (19,4)  (14,2)  (13,1)  (12,6)  (12,6) 
Coada 1:  (2,4) 
Coada 2:  (3,5) 
Coada 3:  (4,3) 
Coada 4:  (4,6) 
Coada 5:  (4,4) 

Timpul 5
Clienti : (39,2)  (33,2)  (32,3)  (29,1)  (29,6)  (28,4)  (28,5)  (28,3)  (22,5)  (19,6)  (17,3)  (14,4)  (13,2)  (13,2)  (13,1)  (13,6)  (11,6)  (10,4)  (10,4)  (7,3)  (7,6)  (39,6)  (38,4)  (37,6)  (37,2)  (36,6)  (33,4)  (30,2)  (29,5)  (29,4)  (27,3)  (27,4)  (24,4)  (23,6)  (23,3)  (22,5)  (21,2)  (20,5)  (20,5)  (19,4)  (14,2)  (13,1)  (12,6)  (12,6) 
Coada 1:  (2,3) 
Coada 2:  (3,4) 
Coada 3:  (4,2) 
Coada 4:  (4,5) 
Coada 5:  (4,3) 

Timpul 6
Clienti : (39,2)  (33,2)  (32,3)  (29,1)  (29,6)  (28,4)  (28,5)  (28,3)  (22,5)  (19,6)  (17,3)  (14,4)  (13,2)  (13,2)  (13,1)  (13,6)  (11,6)  (10,4)  (10,4)  (7,3)  (7,6)  (39,6)  (38,4)  (37,6)  (37,2)  (36,6)  (33,4)  (30,2)  (29,5)  (29,4)  (27,3)  (27,4)  (24,4)  (23,6)  (23,3)  (22,5)  (21,2)  (20,5)  (20,5)  (19,4)  (14,2)  (13,1)  (12,6)  (12,6) 
Coada 1:  (2,2) 
Coada 2:  (3,3) 
Coada 3:  (4,1) 
Coada 4:  (4,4) 
Coada 5:  (4,2) 

Timpul 7
Clienti : (39,2)  (33,2)  (32,3)  (29,1)  (29,6)  (28,4)  (28,5)  (28,3)  (22,5)  (19,6)  (17,3)  (14,4)  (13,2)  (13,2)  (13,1)  (13,6)  (11,6)  (10,4)  (10,4)  (39,6)  (38,4)  (37,6)  (37,2)  (36,6)  (33,4)  (30,2)  (29,5)  (29,4)  (27,3)  (27,4)  (24,4)  (23,6)  (23,3)  (22,5)  (21,2)  (20,5)  (20,5)  (19,4)  (14,2)  (13,1)  (12,6)  (12,6) 
Coada 1:  (2,1) 
Coada 2:  (3,2) 
Coada 3:  (7,3) 
Coada 4:  (4,3) 
Coada 5:  (4,1)  (7,6) 

Timpul 8
Clienti : (39,2)  (33,2)  (32,3)  (29,1)  (29,6)  (28,4)  (28,5)  (28,3)  (22,5)  (19,6)  (17,3)  (14,4)  (13,2)  (13,2)  (13,1)  (13,6)  (11,6)  (10,4)  (10,4)  (39,6)  (38,4)  (37,6)  (37,2)  (36,6)  (33,4)  (30,2)  (29,5)  (29,4)  (27,3)  (27,4)  (24,4)  (23,6)  (23,3)  (22,5)  (21,2)  (20,5)  (20,5)  (19,4)  (14,2)  (13,1)  (12,6)  (12,6) 
Coada 1: 
Coada 2:  (3,1) 
Coada 3:  (7,2) 
Coada 4:  (4,2) 
Coada 5:  (7,6) 

Timpul 9
Clienti : (39,2)  (33,2)  (32,3)  (29,1)  (29,6)  (28,4)  (28,5)  (28,3)  (22,5)  (19,6)  (17,3)  (14,4)  (13,2)  (13,2)  (13,1)  (13,6)  (11,6)  (10,4)  (10,4)  (39,6)  (38,4)  (37,6)  (37,2)  (36,6)  (33,4)  (30,2)  (29,5)  (29,4)  (27,3)  (27,4)  (24,4)  (23,6)  (23,3)  (22,5)  (21,2)  (20,5)  (20,5)  (19,4)  (14,2)  (13,1)  (12,6)  (12,6) 
Coada 1: 
Coada 2: 
Coada 3:  (7,1) 
Coada 4:  (4,1) 
Coada 5:  (7,5) 

Timpul 10
Clienti : (39,2)  (33,2)  (32,3)  (29,1)  (29,6)  (28,4)  (28,5)  (28,3)  (22,5)  (19,6)  (17,3)  (14,4)  (13,2)  (13,2)  (13,1)  (13,6)  (11,6)  (39,6)  (38,4)  (37,6)  (37,2)  (36,6)  (33,4)  (30,2)  (29,5)  (29,4)  (27,3)  (27,4)  (24,4)  (23,6)  (23,3)  (22,5)  (21,2)  (20,5)  (20,5)  (19,4)  (14,2)  (13,1)  (12,6)  (12,6) 
Coada 1:  (10,4) 
Coada 2:  (10,4) 
Coada 3: 
Coada 4: 
Coada 5:  (7,4) 

Timpul 11
Clienti : (39,2)  (33,2)  (32,3)  (29,1)  (29,6)  (28,4)  (28,5)  (28,3)  (22,5)  (19,6)  (17,3)  (14,4)  (13,2)  (13,2)  (13,1)  (13,6)  (39,6)  (38,4)  (37,6)  (37,2)  (36,6)  (33,4)  (30,2)  (29,5)  (29,4)  (27,3)  (27,4)  (24,4)  (23,6)  (23,3)  (22,5)  (21,2)  (20,5)  (20,5)  (19,4)  (14,2)  (13,1)  (12,6)  (12,6) 
Coada 1:  (10,3) 
Coada 2:  (10,3) 
Coada 3:  (11,6) 
Coada 4: 
Coada 5:  (7,3) 

Timpul 12
Clienti : (39,2)  (33,2)  (32,3)  (29,1)  (29,6)  (28,4)  (28,5)  (28,3)  (22,5)  (19,6)  (17,3)  (14,4)  (13,2)  (13,2)  (13,1)  (13,6)  (39,6)  (38,4)  (37,6)  (37,2)  (36,6)  (33,4)  (30,2)  (29,5)  (29,4)  (27,3)  (27,4)  (24,4)  (23,6)  (23,3)  (22,5)  (21,2)  (20,5)  (20,5)  (19,4)  (14,2)  (13,1) 
Coada 1:  (10,2) 
Coada 2:  (10,2)  (12,6) 
Coada 3:  (11,5) 
Coada 4:  (12,6) 
Coada 5:  (7,2) 

Timpul 13
Clienti : (39,2)  (33,2)  (32,3)  (29,1)  (29,6)  (28,4)  (28,5)  (28,3)  (22,5)  (19,6)  (17,3)  (14,4)  (39,6)  (38,4)  (37,6)  (37,2)  (36,6)  (33,4)  (30,2)  (29,5)  (29,4)  (27,3)  (27,4)  (24,4)  (23,6)  (23,3)  (22,5)  (21,2)  (20,5)  (20,5)  (19,4)  (14,2) 
Coada 1:  (10,1)  (13,2)  (13,1)  (13,1) 
Coada 2:  (10,1)  (12,6) 
Coada 3:  (11,4) 
Coada 4:  (12,5) 
Coada 5:  (7,1)  (13,2)  (13,6) 

Timpul 14
Clienti : (39,2)  (33,2)  (32,3)  (29,1)  (29,6)  (28,4)  (28,5)  (28,3)  (22,5)  (19,6)  (17,3)  (39,6)  (38,4)  (37,6)  (37,2)  (36,6)  (33,4)  (30,2)  (29,5)  (29,4)  (27,3)  (27,4)  (24,4)  (23,6)  (23,3)  (22,5)  (21,2)  (20,5)  (20,5)  (19,4) 
Coada 1:  (13,2)  (13,1)  (13,1)  (14,2) 
Coada 2:  (12,6) 
Coada 3:  (11,3)  (14,4) 
Coada 4:  (12,4) 
Coada 5:  (13,2)  (13,6) 

Timpul 15
Clienti : (39,2)  (33,2)  (32,3)  (29,1)  (29,6)  (28,4)  (28,5)  (28,3)  (22,5)  (19,6)  (17,3)  (39,6)  (38,4)  (37,6)  (37,2)  (36,6)  (33,4)  (30,2)  (29,5)  (29,4)  (27,3)  (27,4)  (24,4)  (23,6)  (23,3)  (22,5)  (21,2)  (20,5)  (20,5)  (19,4) 
Coada 1:  (13,1)  (13,1)  (13,1)  (14,2) 
Coada 2:  (12,5) 
Coada 3:  (11,2)  (14,4) 
Coada 4:  (12,3) 
Coada 5:  (13,1)  (13,6) 

Timpul 16
Clienti : (39,2)  (33,2)  (32,3)  (29,1)  (29,6)  (28,4)  (28,5)  (28,3)  (22,5)  (19,6)  (17,3)  (39,6)  (38,4)  (37,6)  (37,2)  (36,6)  (33,4)  (30,2)  (29,5)  (29,4)  (27,3)  (27,4)  (24,4)  (23,6)  (23,3)  (22,5)  (21,2)  (20,5)  (20,5)  (19,4) 
Coada 1:  (13,1)  (13,1)  (14,2) 
Coada 2:  (12,4) 
Coada 3:  (11,1)  (14,4) 
Coada 4:  (12,2) 
Coada 5:  (13,6) 

Timpul 17
Clienti : (39,2)  (33,2)  (32,3)  (29,1)  (29,6)  (28,4)  (28,5)  (28,3)  (22,5)  (19,6)  (39,6)  (38,4)  (37,6)  (37,2)  (36,6)  (33,4)  (30,2)  (29,5)  (29,4)  (27,3)  (27,4)  (24,4)  (23,6)  (23,3)  (22,5)  (21,2)  (20,5)  (20,5)  (19,4) 
Coada 1:  (13,1)  (14,2) 
Coada 2:  (12,3) 
Coada 3:  (14,4) 
Coada 4:  (12,1)  (17,3) 
Coada 5:  (13,5) 

Timpul 18
Clienti : (39,2)  (33,2)  (32,3)  (29,1)  (29,6)  (28,4)  (28,5)  (28,3)  (22,5)  (19,6)  (39,6)  (38,4)  (37,6)  (37,2)  (36,6)  (33,4)  (30,2)  (29,5)  (29,4)  (27,3)  (27,4)  (24,4)  (23,6)  (23,3)  (22,5)  (21,2)  (20,5)  (20,5)  (19,4) 
Coada 1:  (14,2) 
Coada 2:  (12,2) 
Coada 3:  (14,3) 
Coada 4:  (17,3) 
Coada 5:  (13,4) 

Timpul 19
Clienti : (39,2)  (33,2)  (32,3)  (29,1)  (29,6)  (28,4)  (28,5)  (28,3)  (22,5)  (39,6)  (38,4)  (37,6)  (37,2)  (36,6)  (33,4)  (30,2)  (29,5)  (29,4)  (27,3)  (27,4)  (24,4)  (23,6)  (23,3)  (22,5)  (21,2)  (20,5)  (20,5) 
Coada 1:  (14,1)  (19,6) 
Coada 2:  (12,1)  (19,4) 
Coada 3:  (14,2) 
Coada 4:  (17,2) 
Coada 5:  (13,3) 

Timpul 20
Clienti : (39,2)  (33,2)  (32,3)  (29,1)  (29,6)  (28,4)  (28,5)  (28,3)  (22,5)  (39,6)  (38,4)  (37,6)  (37,2)  (36,6)  (33,4)  (30,2)  (29,5)  (29,4)  (27,3)  (27,4)  (24,4)  (23,6)  (23,3)  (22,5)  (21,2) 
Coada 1:  (19,6) 
Coada 2:  (19,4) 
Coada 3:  (14,1)  (20,5) 
Coada 4:  (17,1)  (20,5) 
Coada 5:  (13,2) 

Timpul 21
Clienti : (39,2)  (33,2)  (32,3)  (29,1)  (29,6)  (28,4)  (28,5)  (28,3)  (22,5)  (39,6)  (38,4)  (37,6)  (37,2)  (36,6)  (33,4)  (30,2)  (29,5)  (29,4)  (27,3)  (27,4)  (24,4)  (23,6)  (23,3)  (22,5) 
Coada 1:  (19,5) 
Coada 2:  (19,3) 
Coada 3:  (20,5) 
Coada 4:  (20,5) 
Coada 5:  (13,1)  (21,2) 

Timpul 22
Clienti : (39,2)  (33,2)  (32,3)  (29,1)  (29,6)  (28,4)  (28,5)  (28,3)  (39,6)  (38,4)  (37,6)  (37,2)  (36,6)  (33,4)  (30,2)  (29,5)  (29,4)  (27,3)  (27,4)  (24,4)  (23,6)  (23,3) 
Coada 1:  (19,4) 
Coada 2:  (19,2)  (22,5) 
Coada 3:  (20,4) 
Coada 4:  (20,4) 
Coada 5:  (21,2)  (22,5) 

Timpul 23
Clienti : (39,2)  (33,2)  (32,3)  (29,1)  (29,6)  (28,4)  (28,5)  (28,3)  (39,6)  (38,4)  (37,6)  (37,2)  (36,6)  (33,4)  (30,2)  (29,5)  (29,4)  (27,3)  (27,4)  (24,4) 
Coada 1:  (19,3)  (23,6) 
Coada 2:  (19,1)  (22,5) 
Coada 3:  (20,3)  (23,3) 
Coada 4:  (20,3) 
Coada 5:  (21,1)  (22,5) 

Timpul 24
Clienti : (39,2)  (33,2)  (32,3)  (29,1)  (29,6)  (28,4)  (28,5)  (28,3)  (39,6)  (38,4)  (37,6)  (37,2)  (36,6)  (33,4)  (30,2)  (29,5)  (29,4)  (27,3)  (27,4) 
Coada 1:  (19,2)  (23,6) 
Coada 2:  (22,5) 
Coada 3:  (20,2)  (23,3) 
Coada 4:  (20,2)  (24,4) 
Coada 5:  (22,5) 

Timpul 25
Clienti : (39,2)  (33,2)  (32,3)  (29,1)  (29,6)  (28,4)  (28,5)  (28,3)  (39,6)  (38,4)  (37,6)  (37,2)  (36,6)  (33,4)  (30,2)  (29,5)  (29,4)  (27,3)  (27,4) 
Coada 1:  (19,1)  (23,6) 
Coada 2:  (22,4) 
Coada 3:  (20,1)  (23,3) 
Coada 4:  (20,1)  (24,4) 
Coada 5:  (22,4) 

Timpul 26
Clienti : (39,2)  (33,2)  (32,3)  (29,1)  (29,6)  (28,4)  (28,5)  (28,3)  (39,6)  (38,4)  (37,6)  (37,2)  (36,6)  (33,4)  (30,2)  (29,5)  (29,4)  (27,3)  (27,4) 
Coada 1:  (23,6) 
Coada 2:  (22,3) 
Coada 3:  (23,3) 
Coada 4:  (24,4) 
Coada 5:  (22,3) 

Timpul 27
Clienti : (39,2)  (33,2)  (32,3)  (29,1)  (29,6)  (28,4)  (28,5)  (28,3)  (39,6)  (38,4)  (37,6)  (37,2)  (36,6)  (33,4)  (30,2)  (29,5)  (29,4) 
Coada 1:  (23,5) 
Coada 2:  (22,2)  (27,3) 
Coada 3:  (23,2)  (27,4) 
Coada 4:  (24,3) 
Coada 5:  (22,2) 

Timpul 28
Clienti : (39,2)  (33,2)  (32,3)  (29,1)  (29,6)  (39,6)  (38,4)  (37,6)  (37,2)  (36,6)  (33,4)  (30,2)  (29,5)  (29,4) 
Coada 1:  (23,4)  (28,3) 
Coada 2:  (22,1)  (27,3) 
Coada 3:  (23,1)  (27,4) 
Coada 4:  (24,2)  (28,5) 
Coada 5:  (22,1)  (28,4) 

Timpul 29
Clienti : (39,2)  (33,2)  (32,3)  (39,6)  (38,4)  (37,6)  (37,2)  (36,6)  (33,4)  (30,2) 
Coada 1:  (23,3)  (28,3) 
Coada 2:  (27,3)  (29,1)  (29,6) 
Coada 3:  (27,4)  (29,5) 
Coada 4:  (24,1)  (28,5) 
Coada 5:  (28,4)  (29,4) 

Timpul 30
Clienti : (39,2)  (33,2)  (32,3)  (39,6)  (38,4)  (37,6)  (37,2)  (36,6)  (33,4) 
Coada 1:  (23,2)  (28,3)  (30,2) 
Coada 2:  (27,2)  (29,1)  (29,6) 
Coada 3:  (27,3)  (29,5) 
Coada 4:  (28,5) 
Coada 5:  (28,3)  (29,4) 

Timpul 31
Clienti : (39,2)  (33,2)  (32,3)  (39,6)  (38,4)  (37,6)  (37,2)  (36,6)  (33,4) 
Coada 1:  (23,1)  (28,3)  (30,2) 
Coada 2:  (27,1)  (29,1)  (29,6) 
Coada 3:  (27,2)  (29,5) 
Coada 4:  (28,4) 
Coada 5:  (28,2)  (29,4) 

Timpul 32
Clienti : (39,2)  (33,2)  (39,6)  (38,4)  (37,6)  (37,2)  (36,6)  (33,4) 
Coada 1:  (28,3)  (30,2) 
Coada 2:  (29,1)  (29,6) 
Coada 3:  (27,1)  (29,5) 
Coada 4:  (28,3)  (32,3) 
Coada 5:  (28,1)  (29,4) 

Timpul 33
Clienti : (39,2)  (39,6)  (38,4)  (37,6)  (37,2)  (36,6) 
Coada 1:  (28,2)  (30,2)  (33,2) 
Coada 2:  (29,6) 
Coada 3:  (29,5) 
Coada 4:  (28,2)  (32,3) 
Coada 5:  (29,4)  (33,4) 

Timpul 34
Clienti : (39,2)  (39,6)  (38,4)  (37,6)  (37,2)  (36,6) 
Coada 1:  (28,1)  (30,2)  (33,2) 
Coada 2:  (29,5) 
Coada 3:  (29,4) 
Coada 4:  (28,1)  (32,3) 
Coada 5:  (29,3)  (33,4) 

Timpul 35
Clienti : (39,2)  (39,6)  (38,4)  (37,6)  (37,2)  (36,6) 
Coada 1:  (30,2)  (33,2) 
Coada 2:  (29,4) 
Coada 3:  (29,3) 
Coada 4:  (32,3) 
Coada 5:  (29,2)  (33,4) 

Timpul 36
Clienti : (39,2)  (39,6)  (38,4)  (37,6)  (37,2) 
Coada 1:  (30,1)  (33,2) 
Coada 2:  (29,3) 
Coada 3:  (29,2)  (36,6) 
Coada 4:  (32,2) 
Coada 5:  (29,1)  (33,4) 

Timpul 37
Clienti : (39,2)  (39,6)  (38,4) 
Coada 1:  (33,2)  (37,2) 
Coada 2:  (29,2) 
Coada 3:  (29,1)  (36,6) 
Coada 4:  (32,1)  (37,6) 
Coada 5:  (33,4) 

Timpul 38
Clienti : (39,2)  (39,6) 
Coada 1:  (33,1)  (37,2) 
Coada 2:  (29,1)  (38,4) 
Coada 3:  (36,6) 
Coada 4:  (37,6) 
Coada 5:  (33,3) 

Timpul 39
Clienti :
Coada 1:  (37,2)  (39,2) 
Coada 2:  (38,4) 
Coada 3:  (36,5) 
Coada 4:  (37,5) 
Coada 5:  (33,2)  (39,6) 

Timpul 40
Clienti :
Coada 1:  (37,1)  (39,2) 
Coada 2:  (38,3) 
Coada 3:  (36,4) 
Coada 4:  (37,4) 
Coada 5:  (33,1)  (39,6) 

Timpul 41
Clienti :
Coada 1:  (39,2) 
Coada 2:  (38,2) 
Coada 3:  (36,3) 
Coada 4:  (37,3) 
Coada 5:  (39,6) 

Timpul 42
Clienti :
Coada 1:  (39,1) 
Coada 2:  (38,1) 
Coada 3:  (36,2) 
Coada 4:  (37,2) 
Coada 5:  (39,5) 

Timpul 43
Clienti :
Coada 1: 
Coada 2: 
Coada 3:  (36,1) 
Coada 4:  (37,1) 
Coada 5:  (39,4) 

Timpul 44
Clienti :
Coada 1: 
Coada 2: 
Coada 3: 
Coada 4: 
Coada 5:  (39,3) 

Timpul 45
Clienti :
Coada 1: 
Coada 2: 
Coada 3: 
Coada 4: 
Coada 5:  (39,2) 

Timpul 46
Clienti :
Coada 1: 
Coada 2: 
Coada 3: 
Coada 4: 
Coada 5:  (39,1) 

Timpul 47
Clienti :
Coada 1: 
Coada 2: 
Coada 3: 
Coada 4: 
Coada 5: 

Timpul 48
Clienti :
Coada 1: 
Coada 2: 
Coada 3: 
Coada 4: 
Coada 5: 

Timpul 49
Clienti :
Coada 1: 
Coada 2: 
Coada 3: 
Coada 4: 
Coada 5: 

Timpul 50
Clienti :
Coada 1: 
Coada 2: 
Coada 3: 
Coada 4: 
Coada 5: 

Timpul 51
Clienti :
Coada 1: 
Coada 2: 
Coada 3: 
Coada 4: 
Coada 5: 

Timpul 52
Clienti :
Coada 1: 
Coada 2: 
Coada 3: 
Coada 4: 
Coada 5: 

Timpul 53
Clienti :
Coada 1: 
Coada 2: 
Coada 3: 
Coada 4: 
Coada 5: 

Timpul 54
Clienti :
Coada 1: 
Coada 2: 
Coada 3: 
Coada 4: 
Coada 5: 

Timpul 55
Clienti :
Coada 1: 
Coada 2: 
Coada 3: 
Coada 4: 
Coada 5: 

Timpul 56
Clienti :
Coada 1: 
Coada 2: 
Coada 3: 
Coada 4: 
Coada 5: 

Timpul 57
Clienti :
Coada 1: 
Coada 2: 
Coada 3: 
Coada 4: 
Coada 5: 

Timpul 58
Clienti :
Coada 1: 
Coada 2: 
Coada 3: 
Coada 4: 
Coada 5: 

Timpul 59
Clienti :
Coada 1: 
Coada 2: 
Coada 3: 
Coada 4: 
Coada 5: 

timpul de asteptare mediu: 6.0
timpul de procesare mediu: 3.98
ora de varf este la timp= 13